%YAML:1.0
---
image_width: 640
image_height: 360
K: !!opencv-matrix
   rows: 3
   cols: 3
   dt: d
   data: [259.24853515625, 0., 327.3691101074219, 0.,
          259.24853515625, 178.34190368652344, 0., 0., 1.]
D: !!opencv-matrix
   rows: 1
   cols: 8
   dt: d
   data: [0.0, 0.0, 0.0, 0.0, 0.0, 0.0, 0.0, 0.0]
R: !!opencv-matrix
   rows: 3
   cols: 3
   dt: d
   data: [1.0, 0.0, 0.0, 0.0, 1.0, 0.0, 0.0, 0.0, 1.0]
P: !!opencv-matrix
   rows: 3
   cols: 4
   dt: d
   data: [259.24853515625, 0., 327.3691101074219, 0., 
          0., 259.24853515625, 178.34190368652344, 0., 
          0., 0., 1.0, 0.]
